-1710.0 863.0
-1632.0 864.0
-1531.0 847.0
-1496.0 769.0
-1499.0 601.0
-1476.0 527.0
-1606.0 494.0
-1784.0 500.0
-1691.0 464.0
-1494.0 461.0
-1516.0 336.0
-1510.0 217.0
-1602.0 163.0
-1757.0 180.0
-1855.0 190.0
-1614.0 140.0
-1518.0 143.0
-1500.0 319.0
-1501.0 490.0
-1490.0 685.0
-1495.0 833.0
-1444.0 927.0
-1300.0 899.0
-1248.0 837.0
-1237.0 644.0
-1236.0 491.0
-1238.0 333.0
-1227.0 223.0
-1252.0 112.0
-1208.0 -30.0
-1194.0 -180.0
-1205.0 -268.0
-1186.0 -415.0
-1433.0 -395.0
-1494.0 -302.0
-1527.0 -128.0
-1628.0 -103.0
-1786.0 -127.0
-1824.0 -234.0
-1793.0 -435.0
-1799.0 -569.0
-1827.0 -775.0
-1834.0 -897.0
-1663.0 -920.0
-1544.0 -927.0
-1398.0 -922.0
-1211.0 -916.0
-1368.0 -874.0
-1615.0 -878.0
-1857.0 -867.0
-1839.0 -640.0
-1655.0 -651.0
-1488.0 -657.0
-1313.0 -662.0
-1122.0 -657.0
-956.0 -659.0
-833.0 -632.0
-806.0 -580.0
-677.0 -515.0
-539.0 -370.0
-483.0 -166.0
-453.0 3.0
-433.0 148.0
-428.0 275.0
-440.0 420.0
-607.0 422.0
-775.0 402.0
-950.0 413.0
-967.0 559.0
-930.0 657.0
-764.0 668.0
-625.0 672.0
-484.0 649.0
-414.0 588.0
-429.0 446.0
-549.0 411.0
-794.0 388.0
-919.0 385.0
-974.0 284.0
-930.0 198.0
-794.0 127.0
-629.0 106.0
-642.0 -22.0
-680.0 -265.0
-716.0 -363.0
-812.0 -473.0
-957.0 -556.0
-983.0 -737.0
-960.0 -893.0
-823.0 -937.0
-685.0 -942.0
-539.0 -927.0
-376.0 -940.0
-147.0 -922.0
-190.0 -925.0
-36.0 -915.0
112.0 -868.0
134.0 -590.0
123.0 -286.0
58.0 -128.0
-57.0 -163.0
-162.0 -302.0
-189.0 -459.0
-216.0 -636.0
-201.0 -448.0
-192.0 -189.0
-171.0 83.0
-148.0 176.0
99.0 174.0
109.0 285.0
83.0 448.0
-104.0 458.0
-161.0 533.0
-188.0 689.0
-224.0 861.0
-431.0 884.0
-663.0 888.0
-834.0 883.0
-1031.0 883.0
-854.0 951.0
-654.0 949.0
-486.0 944.0
-325.0 949.0
-199.0 942.0
-25.0 933.0
145.0 943.0
393.0 925.0
477.0 875.0
500.0 746.0
411.0 718.0
275.0 699.0
97.0 690.0
176.0 719.0
365.0 706.0
399.0 573.0
473.0 470.0
604.0 447.0
731.0 472.0
849.0 459.0
958.0 467.0
1089.0 474.0
1215.0 484.0
1347.0 484.0
1397.0 485.0
1482.0 385.0
1500.0 243.0
1541.0 88.0
1682.0 7.0
1726.0 58.0
1746.0 218.0
1784.0 446.0
1712.0 674.0
1689.0 866.0
1572.0 959.0
1445.0 965.0
1252.0 938.0
1114.0 942.0
992.0 926.0
790.0 900.0
728.0 778.0
755.0 700.0
947.0 688.0
1283.0 692.0
1134.0 698.0
1388.0 709.0
1495.0 717.0
1374.0 716.0
1085.0 720.0
1201.0 715.0
957.0 713.0
820.0 708.0
706.0 856.0
742.0 979.0
1154.0 960.0
1028.0 955.0
1330.0 961.0
1493.0 961.0
1675.0 954.0
1765.0 941.0
1811.0 729.0
1827.0 516.0
1815.0 427.0
1805.0 345.0
1794.0 238.0
1780.0 78.0
1758.0 36.0
1578.0 43.0
1477.0 128.0
1429.0 308.0
1417.0 511.0
1182.0 472.0
1189.0 288.0
1158.0 166.0
1161.0 81.0
1133.0 -66.0
1138.0 -166.0
1165.0 -211.0
1290.0 -226.0
1502.0 -255.0
1660.0 -233.0
1807.0 -230.0
1808.0 -311.0
1765.0 -450.0
1571.0 -456.0
1378.0 -469.0
1202.0 -468.0
977.0 -459.0
792.0 -377.0
766.0 -56.0
790.0 139.0
587.0 197.0
429.0 185.0
470.0 -105.0
455.0 -250.0
472.0 -345.0
490.0 -125.0
476.0 93.0
316.0 150.0
177.0 178.0
85.0 427.0
-193.0 514.0
-180.0 628.0
-174.0 759.0
-158.0 892.0
49.0 942.0
305.0 937.0
468.0 931.0
465.0 547.0
483.0 423.0
802.0 456.0
990.0 494.0
1226.0 458.0
1184.0 268.0
1167.0 92.0
1162.0 -67.0
1155.0 -202.0
1462.0 -235.0
1763.0 -253.0
1818.0 -344.0
1771.0 -450.0
1584.0 -483.0
1320.0 -487.0
767.0 -631.0
504.0 -622.0
892.0 -646.0
1069.0 -616.0
421.0 -655.0
424.0 -751.0
436.0 -888.0
626.0 -895.0
1086.0 -894.0
961.0 -916.0
801.0 -912.0
1326.0 -886.0
1439.0 -886.0
1787.0 -831.0
