-1729.0 862.0
-1515.0 857.0
-1300.0 919.0
-1207.0 867.0
-1235.0 756.0
-1220.0 558.0
-1232.0 469.0
-1220.0 364.0
-1200.0 182.0
-1230.0 45.0
-1235.0 -82.0
-1201.0 -210.0
-1114.0 -338.0
-1293.0 -369.0
-1459.0 -373.0
-1513.0 -292.0
-1503.0 -86.0
-1651.0 -91.0
-1809.0 -102.0
-1839.0 -251.0
-1824.0 -454.0
-1831.0 -596.0
-1732.0 -679.0
-1616.0 -671.0
-1493.0 -667.0
-1366.0 -672.0
-1212.0 -679.0
-1111.0 -679.0
-933.0 -679.0
-929.0 -769.0
-929.0 -876.0
-834.0 -882.0
-692.0 -904.0
-543.0 -913.0
-407.0 -912.0
-232.0 -899.0
-153.0 -888.0
41.0 -885.0
135.0 -868.0
164.0 -667.0
149.0 -484.0
145.0 -327.0
99.0 -176.0
-49.0 -186.0
-148.0 -248.0
-161.0 -419.0
-188.0 -556.0
-196.0 -319.0
-164.0 -197.0
2.0 -219.0
102.0 -252.0
93.0 -465.0
91.0 -655.0
89.0 -810.0
85.0 -890.0
-235.0 -875.0
-437.0 -886.0
-681.0 -886.0
-837.0 -881.0
-935.0 -878.0
-958.0 -684.0
-1113.0 -643.0
-1292.0 -643.0
-1443.0 -638.0
-1578.0 -643.0
-1720.0 -644.0
-1867.0 -599.0
-1819.0 -399.0
-1802.0 -197.0
-1736.0 -110.0
-1577.0 -124.0
-1506.0 -137.0
-1494.0 -291.0
-1455.0 -402.0
-1344.0 -405.0
-1163.0 -321.0
-1176.0 -191.0
-1203.0 -49.0
-1231.0 118.0
-1238.0 261.0
-1230.0 385.0
-1221.0 523.0
-1216.0 676.0
-1261.0 817.0
-1368.0 898.0
-1486.0 879.0
-1495.0 716.0
-1487.0 624.0
-1494.0 479.0
-1597.0 474.0
-1737.0 469.0
-1890.0 498.0
-1784.0 549.0
-1619.0 527.0
-1551.0 504.0
-1470.0 580.0
-1516.0 747.0
-1517.0 824.0
-1422.0 897.0
-1292.0 904.0
-1212.0 806.0
-1219.0 653.0
-1214.0 492.0
-1226.0 371.0
-1216.0 232.0
-1236.0 54.0
-1238.0 -111.0
-1188.0 -173.0
-1064.0 -284.0
-1006.0 -335.0
-912.0 -472.0
-746.0 -535.0
-593.0 -507.0
-566.0 -355.0
-528.0 -155.0
-568.0 -59.0
-649.0 104.0
-511.0 155.0
-432.0 232.0
-435.0 330.0
-464.0 419.0
-712.0 406.0
-854.0 400.0
-985.0 382.0
-974.0 213.0
-961.0 122.0
-791.0 117.0
-664.0 114.0
-617.0 50.0
-592.0 -150.0
-596.0 -256.0
-604.0 -349.0
-668.0 -471.0
-831.0 -577.0
-916.0 -674.0
-920.0 -848.0
-786.0 -905.0
-669.0 -915.0
-502.0 -920.0
-341.0 -907.0
-184.0 -905.0
-57.0 -894.0
143.0 -851.0
140.0 -750.0
145.0 -529.0
133.0 -411.0
-5.0 -170.0
-120.0 -148.0
-155.0 53.0
-151.0 183.0
9.0 178.0
114.0 181.0
114.0 345.0
71.0 458.0
-95.0 458.0
-215.0 497.0
-182.0 697.0
-206.0 838.0
-207.0 939.0
-67.0 952.0
90.0 940.0
273.0 928.0
430.0 925.0
465.0 787.0
453.0 682.0
446.0 582.0
462.0 426.0
647.0 455.0
835.0 466.0
872.0 469.0
994.0 466.0
1132.0 473.0
1173.0 455.0
1177.0 332.0
1179.0 171.0
1182.0 -3.0
1192.0 -66.0
1197.0 -173.0
1192.0 -236.0
1299.0 -246.0
1519.0 -245.0
1716.0 -256.0
1762.0 -271.0
1781.0 -501.0
1684.0 -534.0
1545.0 -533.0
1195.0 -507.0
1061.0 -531.0
893.0 -558.0
626.0 -598.0
519.0 -625.0
415.0 -674.0
395.0 -767.0
400.0 -864.0
451.0 -896.0
659.0 -927.0
747.0 -922.0
882.0 -917.0
1040.0 -910.0
1190.0 -907.0
1279.0 -900.0
1463.0 -889.0
1576.0 -870.0
1765.0 -833.0
