-1717.0 887.0
-1552.0 886.0
-1399.0 899.0
-1266.0 887.0
-1230.0 847.0
-1243.0 710.0
-1205.0 526.0
-1192.0 421.0
-1203.0 261.0
-1207.0 125.0
-1214.0 -79.0
-1154.0 -179.0
-1034.0 -158.0
-911.0 -198.0
-931.0 -375.0
-782.0 -460.0
-701.0 -396.0
-613.0 -233.0
-650.0 -62.0
-661.0 134.0
-757.0 188.0
-903.0 185.0
-1001.0 194.0
-1029.0 359.0
-1020.0 560.0
-1005.0 652.0
-868.0 665.0
-679.0 653.0
-562.0 653.0
-456.0 644.0
-427.0 573.0
-448.0 508.0
-436.0 337.0
-452.0 116.0
-437.0 -116.0
-454.0 -248.0
-450.0 -379.0
-427.0 -491.0
-449.0 -596.0
-607.0 -587.0
-757.0 -587.0
-909.0 -582.0
-940.0 -641.0
-940.0 -802.0
-900.0 -887.0
-670.0 -882.0
-584.0 -874.0
-447.0 -867.0
-292.0 -866.0
-186.0 -859.0
-83.0 -828.0
55.0 -826.0
88.0 -624.0
40.0 -400.0
39.0 -282.0
-107.0 -274.0
-154.0 -355.0
-145.0 -493.0
-172.0 -570.0
-216.0 -422.0
-218.0 -246.0
-222.0 -107.0
-251.0 70.0
-246.0 171.0
-216.0 267.0
43.0 267.0
142.0 290.0
106.0 418.0
-59.0 451.0
-211.0 465.0
-228.0 602.0
-217.0 837.0
-344.0 923.0
-492.0 904.0
-741.0 894.0
-888.0 886.0
-986.0 894.0
-972.0 962.0
-832.0 948.0
-584.0 929.0
-504.0 948.0
-377.0 947.0
-191.0 905.0
26.0 908.0
190.0 908.0
388.0 901.0
496.0 854.0
474.0 745.0
456.0 508.0
574.0 474.0
753.0 481.0
949.0 507.0
1133.0 502.0
1300.0 487.0
1464.0 480.0
1501.0 391.0
1512.0 221.0
1491.0 101.0
1597.0 21.0
1735.0 75.0
1732.0 223.0
1712.0 422.0
1714.0 618.0
1729.0 867.0
1670.0 939.0
1477.0 907.0
1231.0 900.0
1006.0 910.0
768.0 909.0
796.0 793.0
810.0 753.0
906.0 725.0
1032.0 760.0
1170.0 749.0
1275.0 747.0
1445.0 730.0
1481.0 691.0
1282.0 669.0
1076.0 671.0
915.0 673.0
779.0 676.0
684.0 760.0
700.0 918.0
791.0 965.0
958.0 970.0
1103.0 977.0
1170.0 992.0
1274.0 977.0
1381.0 995.0
1587.0 984.0
1826.0 956.0
1843.0 827.0
1839.0 646.0
1811.0 542.0
1795.0 355.0
1809.0 220.0
1809.0 124.0
1799.0 -17.0
1563.0 -49.0
1439.0 23.0
1427.0 165.0
1421.0 404.0
1321.0 446.0
1189.0 377.0
1210.0 233.0
1212.0 121.0
1199.0 1.0
1216.0 -131.0
1233.0 -209.0
1328.0 -248.0
1460.0 -235.0
1640.0 -243.0
1763.0 -248.0
1889.0 -269.0
1861.0 -479.0
1726.0 -509.0
1586.0 -500.0
1347.0 -542.0
1335.0 -633.0
1152.0 -649.0
1004.0 -625.0
772.0 -638.0
650.0 -633.0
484.0 -637.0
413.0 -690.0
419.0 -822.0
544.0 -920.0
697.0 -926.0
922.0 -905.0
1098.0 -901.0
1253.0 -873.0
1470.0 -871.0
1646.0 -899.0
1803.0 -809.0
