-1723.0 839.0
-1562.0 842.0
-1465.0 752.0
-1475.0 666.0
-1475.0 491.0
-1475.0 410.0
-1447.0 262.0
-1465.0 160.0
-1593.0 163.0
-1774.0 161.0
-1708.0 194.0
-1544.0 169.0
-1452.0 189.0
-1459.0 422.0
-1486.0 777.0
-1491.0 897.0
-1293.0 925.0
-1234.0 879.0
-1245.0 706.0
-1255.0 624.0
-1252.0 446.0
-1246.0 283.0
-1243.0 171.0
-1241.0 24.0
-1193.0 -108.0
-1126.0 -207.0
-1054.0 -312.0
-911.0 -424.0
-625.0 -562.0
-521.0 -455.0
-461.0 -194.0
-486.0 -22.0
-590.0 97.0
-408.0 203.0
-408.0 362.0
-562.0 407.0
-774.0 406.0
-911.0 405.0
-975.0 289.0
-964.0 167.0
-823.0 152.0
-641.0 121.0
-627.0 53.0
-669.0 -248.0
-654.0 -457.0
-786.0 -523.0
-894.0 -637.0
-951.0 -724.0
-955.0 -910.0
-776.0 -936.0
-522.0 -958.0
-291.0 -933.0
-89.0 -911.0
45.0 -885.0
144.0 -703.0
132.0 -485.0
106.0 -305.0
-48.0 -167.0
-158.0 -145.0
-179.0 70.0
-156.0 165.0
19.0 171.0
227.0 170.0
125.0 299.0
93.0 468.0
-50.0 460.0
-198.0 494.0
-214.0 633.0
-202.0 748.0
-199.0 887.0
-126.0 970.0
113.0 964.0
329.0 959.0
409.0 919.0
428.0 738.0
424.0 581.0
435.0 459.0
566.0 462.0
819.0 460.0
905.0 472.0
1126.0 451.0
1152.0 388.0
1153.0 250.0
1167.0 63.0
1164.0 -54.0
1173.0 -201.0
1246.0 -230.0
1429.0 -226.0
1619.0 -249.0
1808.0 -269.0
1802.0 -414.0
1741.0 -530.0
1492.0 -513.0
1224.0 -465.0
1032.0 -493.0
865.0 -552.0
674.0 -591.0
523.0 -611.0
441.0 -630.0
407.0 -792.0
435.0 -895.0
719.0 -945.0
948.0 -948.0
1168.0 -950.0
1366.0 -926.0
1551.0 -918.0
1850.0 -809.0
