-1757.0 863.0
-1545.0 840.0
-1419.0 906.0
-1229.0 910.0
-1233.0 783.0
-1238.0 624.0
-1215.0 441.0
-1247.0 275.0
-1234.0 101.0
-1209.0 -59.0
-1169.0 -186.0
-1085.0 -267.0
-928.0 -425.0
-949.0 -563.0
-944.0 -702.0
-947.0 -892.0
-856.0 -889.0
-673.0 -927.0
-546.0 -919.0
-356.0 -884.0
-221.0 -909.0
-109.0 -909.0
69.0 -915.0
144.0 -824.0
164.0 -552.0
134.0 -292.0
104.0 -170.0
-43.0 -170.0
-168.0 -186.0
-161.0 -353.0
-191.0 -537.0
-190.0 -608.0
-159.0 -361.0
-187.0 -219.0
-143.0 35.0
-155.0 177.0
8.0 176.0
201.0 183.0
144.0 240.0
101.0 434.0
0.0 458.0
-165.0 466.0
-179.0 789.0
-192.0 891.0
-393.0 900.0
-631.0 916.0
-752.0 918.0
-861.0 913.0
-1020.0 902.0
-879.0 889.0
-673.0 900.0
-569.0 902.0
-446.0 903.0
-239.0 908.0
-72.0 947.0
171.0 923.0
283.0 930.0
453.0 923.0
440.0 786.0
443.0 714.0
427.0 613.0
429.0 515.0
447.0 446.0
636.0 451.0
743.0 469.0
927.0 465.0
1039.0 461.0
1158.0 467.0
1357.0 476.0
1463.0 469.0
1475.0 326.0
1483.0 200.0
1468.0 103.0
1514.0 17.0
1607.0 29.0
1763.0 24.0
1812.0 120.0
1804.0 336.0
1799.0 482.0
1747.0 691.0
1755.0 805.0
1714.0 994.0
1528.0 967.0
1260.0 956.0
1092.0 971.0
873.0 961.0
732.0 956.0
757.0 807.0
745.0 760.0
787.0 688.0
937.0 702.0
1138.0 700.0
1264.0 698.0
1376.0 693.0
1506.0 698.0
1375.0 708.0
1161.0 706.0
1058.0 693.0
883.0 720.0
776.0 750.0
763.0 950.0
991.0 953.0
1196.0 965.0
1336.0 955.0
1493.0 948.0
1676.0 958.0
1762.0 939.0
1783.0 732.0
1780.0 573.0
1772.0 395.0
1772.0 270.0
1758.0 169.0
1758.0 50.0
1682.0 3.0
1450.0 28.0
1457.0 225.0
1433.0 446.0
1330.0 487.0
1153.0 490.0
1164.0 377.0
1192.0 247.0
1187.0 118.0
1218.0 -20.0
1232.0 -133.0
1224.0 -204.0
1271.0 -242.0
1444.0 -248.0
1594.0 -229.0
1697.0 -226.0
1794.0 -242.0
1780.0 -351.0
1803.0 -484.0
1684.0 -484.0
1428.0 -477.0
1232.0 -478.0
997.0 -505.0
909.0 -540.0
876.0 -379.0
818.0 -168.0
826.0 15.0
790.0 181.0
537.0 195.0
429.0 181.0
429.0 88.0
444.0 -65.0
449.0 -149.0
465.0 -301.0
525.0 -96.0
463.0 65.0
456.0 186.0
606.0 194.0
731.0 186.0
788.0 176.0
807.0 -72.0
820.0 -211.0
820.0 -332.0
873.0 -548.0
970.0 -554.0
1210.0 -555.0
1307.0 -501.0
1471.0 -494.0
1648.0 -493.0
1755.0 -483.0
1806.0 -385.0
1766.0 -225.0
1510.0 -223.0
1355.0 -250.0
1209.0 -223.0
1155.0 -53.0
1151.0 146.0
1100.0 357.0
1148.0 485.0
971.0 480.0
841.0 480.0
720.0 475.0
597.0 488.0
418.0 485.0
394.0 696.0
275.0 699.0
126.0 709.0
228.0 699.0
384.0 704.0
426.0 719.0
405.0 622.0
419.0 512.0
554.0 470.0
681.0 455.0
811.0 455.0
968.0 460.0
1184.0 451.0
1172.0 291.0
1168.0 102.0
1158.0 5.0
1191.0 -175.0
1216.0 -224.0
1421.0 -253.0
1596.0 -237.0
1763.0 -247.0
1819.0 -329.0
1804.0 -477.0
1577.0 -475.0
1316.0 -499.0
1150.0 -505.0
942.0 -490.0
825.0 -275.0
805.0 -70.0
787.0 121.0
670.0 188.0
370.0 187.0
454.0 87.0
442.0 -127.0
438.0 -259.0
445.0 -343.0
516.0 -218.0
484.0 33.0
434.0 175.0
239.0 167.0
114.0 185.0
98.0 394.0
-10.0 456.0
-151.0 465.0
-186.0 702.0
-211.0 921.0
-88.0 938.0
44.0 948.0
118.0 939.0
192.0 951.0
430.0 952.0
441.0 696.0
447.0 562.0
439.0 454.0
611.0 471.0
691.0 457.0
880.0 465.0
977.0 478.0
1157.0 469.0
1164.0 297.0
1187.0 116.0
1177.0 -35.0
1176.0 -207.0
1253.0 -239.0
1488.0 -238.0
1631.0 -225.0
1752.0 -223.0
1814.0 -313.0
1779.0 -506.0
1474.0 -501.0
1160.0 -527.0
857.0 -511.0
828.0 -348.0
813.0 -155.0
808.0 -55.0
764.0 186.0
638.0 192.0
441.0 189.0
184.0 187.0
125.0 305.0
90.0 461.0
-94.0 471.0
-189.0 559.0
-210.0 754.0
-202.0 915.0
-95.0 963.0
43.0 947.0
131.0 947.0
196.0 951.0
362.0 932.0
431.0 919.0
434.0 692.0
419.0 600.0
438.0 485.0
611.0 475.0
787.0 462.0
917.0 479.0
1165.0 473.0
1336.0 478.0
1461.0 442.0
1468.0 215.0
1463.0 90.0
1527.0 37.0
1705.0 24.0
1811.0 67.0
1789.0 345.0
1769.0 485.0
1782.0 668.0
1738.0 820.0
1727.0 972.0
1400.0 971.0
1206.0 972.0
1047.0 965.0
884.0 961.0
725.0 958.0
704.0 855.0
703.0 805.0
728.0 722.0
883.0 713.0
1124.0 701.0
1200.0 704.0
1381.0 709.0
1510.0 720.0
1271.0 690.0
1077.0 709.0
971.0 707.0
812.0 730.0
729.0 841.0
751.0 951.0
926.0 974.0
1106.0 966.0
1245.0 959.0
1381.0 954.0
1519.0 954.0
1670.0 953.0
1754.0 944.0
1764.0 711.0
1766.0 584.0
1756.0 417.0
1746.0 291.0
1768.0 156.0
1763.0 5.0
1540.0 23.0
1451.0 114.0
1479.0 298.0
1448.0 482.0
1343.0 502.0
1176.0 493.0
1156.0 404.0
1149.0 262.0
1159.0 144.0
1164.0 63.0
1167.0 -28.0
1188.0 -156.0
1227.0 -248.0
1313.0 -250.0
1482.0 -242.0
1594.0 -247.0
1705.0 -260.0
1812.0 -267.0
1835.0 -366.0
1813.0 -457.0
1748.0 -500.0
1601.0 -477.0
1467.0 -469.0
1266.0 -464.0
1093.0 -472.0
942.0 -463.0
846.0 -454.0
803.0 -276.0
802.0 -95.0
832.0 18.0
800.0 188.0
678.0 189.0
503.0 186.0
299.0 192.0
131.0 216.0
101.0 390.0
44.0 480.0
-148.0 473.0
-162.0 568.0
-184.0 725.0
-196.0 860.0
-357.0 928.0
-566.0 931.0
-715.0 940.0
-833.0 928.0
-934.0 934.0
-1028.0 894.0
-890.0 891.0
-586.0 887.0
-683.0 885.0
-545.0 887.0
-435.0 884.0
-244.0 894.0
-179.0 891.0
-19.0 961.0
140.0 956.0
299.0 957.0
426.0 943.0
431.0 690.0
424.0 632.0
432.0 537.0
442.0 462.0
587.0 473.0
752.0 478.0
899.0 470.0
1012.0 479.0
1144.0 476.0
1155.0 425.0
1166.0 309.0
1166.0 167.0
1186.0 53.0
1181.0 -41.0
1185.0 -167.0
1198.0 -241.0
1402.0 -240.0
1541.0 -245.0
1680.0 -240.0
1806.0 -255.0
1791.0 -366.0
1789.0 -498.0
1605.0 -479.0
1418.0 -482.0
1226.0 -471.0
1098.0 -482.0
904.0 -485.0
824.0 -283.0
849.0 -79.0
817.0 123.0
805.0 178.0
571.0 193.0
395.0 186.0
178.0 239.0
46.0 229.0
-104.0 178.0
-157.0 118.0
-146.0 -65.0
-168.0 -201.0
14.0 -182.0
97.0 -205.0
121.0 -280.0
111.0 -457.0
79.0 -570.0
79.0 -717.0
84.0 -793.0
77.0 -885.0
-167.0 -914.0
-421.0 -876.0
-642.0 -869.0
-790.0 -851.0
-904.0 -860.0
-935.0 -614.0
-790.0 -584.0
-649.0 -464.0
-559.0 -333.0
-551.0 -149.0
-573.0 97.0
-602.0 160.0
-746.0 158.0
-858.0 176.0
-946.0 175.0
-993.0 402.0
-817.0 413.0
-726.0 409.0
-621.0 416.0
-491.0 410.0
-440.0 411.0
-440.0 273.0
-469.0 164.0
-539.0 -5.0
-574.0 -108.0
-601.0 -256.0
-715.0 -465.0
-818.0 -490.0
-898.0 -599.0
-969.0 -724.0
-961.0 -816.0
-922.0 -895.0
-823.0 -880.0
-705.0 -887.0
-537.0 -893.0
-375.0 -892.0
-265.0 -877.0
-126.0 -872.0
-6.0 -882.0
106.0 -826.0
129.0 -651.0
86.0 -458.0
103.0 -301.0
71.0 -132.0
-177.0 -144.0
-192.0 25.0
-175.0 184.0
-32.0 172.0
144.0 188.0
132.0 461.0
-2.0 461.0
-203.0 460.0
-217.0 600.0
-190.0 730.0
-180.0 884.0
-150.0 946.0
17.0 958.0
169.0 951.0
326.0 946.0
386.0 931.0
419.0 714.0
411.0 541.0
437.0 470.0
653.0 465.0
748.0 463.0
869.0 472.0
1017.0 467.0
1134.0 482.0
1144.0 359.0
1166.0 220.0
1146.0 117.0
1157.0 -29.0
1189.0 -174.0
1331.0 -227.0
1482.0 -226.0
1681.0 -218.0
1818.0 -220.0
1811.0 -318.0
1797.0 -425.0
1720.0 -499.0
1535.0 -477.0
1381.0 -468.0
1156.0 -475.0
990.0 -506.0
927.0 -505.0
818.0 -601.0
640.0 -597.0
493.0 -612.0
383.0 -626.0
407.0 -801.0
441.0 -858.0
569.0 -920.0
714.0 -920.0
898.0 -886.0
999.0 -881.0
1174.0 -893.0
1259.0 -882.0
1443.0 -883.0
1604.0 -884.0
1758.0 -808.0
