-1512.0 854.0
-1748.0 853.0
-1492.0 766.0
-1483.0 639.0
-1466.0 487.0
-1591.0 475.0
-1755.0 479.0
-1815.0 483.0
-1723.0 506.0
-1556.0 489.0
-1467.0 474.0
-1479.0 369.0
-1465.0 163.0
-1591.0 164.0
-1764.0 169.0
-1851.0 168.0
-1678.0 163.0
-1490.0 159.0
-1463.0 304.0
-1462.0 494.0
-1598.0 529.0
-1723.0 520.0
-1847.0 506.0
-1811.0 491.0
-1673.0 475.0
-1473.0 461.0
-1478.0 384.0
-1481.0 201.0
-1591.0 183.0
-1872.0 159.0
-1685.0 163.0
-1566.0 160.0
-1489.0 158.0
-1474.0 409.0
-1652.0 498.0
-1814.0 480.0
-1674.0 481.0
-1501.0 475.0
-1468.0 299.0
-1477.0 167.0
-1869.0 176.0
-1515.0 198.0
-1482.0 493.0
-1482.0 660.0
-1497.0 901.0
-1273.0 925.0
-1216.0 824.0
-1221.0 612.0
-1233.0 399.0
-1244.0 190.0
-1223.0 2.0
-1154.0 -187.0
-1146.0 -364.0
-1302.0 -395.0
-1511.0 -377.0
-1518.0 -150.0
-1589.0 -110.0
-1795.0 -113.0
-1843.0 -200.0
-1856.0 -432.0
-1840.0 -669.0
-1782.0 -669.0
-1613.0 -658.0
-1413.0 -660.0
-1269.0 -654.0
-1100.0 -660.0
-967.0 -656.0
-818.0 -489.0
-694.0 -472.0
-549.0 -344.0
-591.0 -126.0
-576.0 138.0
-442.0 198.0
-432.0 433.0
-540.0 404.0
-732.0 402.0
-915.0 391.0
-960.0 376.0
-968.0 280.0
-942.0 179.0
-879.0 149.0
-688.0 152.0
-627.0 140.0
-514.0 142.0
-421.0 236.0
-443.0 397.0
-771.0 386.0
-939.0 409.0
-953.0 182.0
-882.0 142.0
-671.0 144.0
-457.0 151.0
-402.0 394.0
-408.0 666.0
-636.0 649.0
-776.0 630.0
-959.0 607.0
-973.0 388.0
-963.0 178.0
-862.0 168.0
-756.0 154.0
-632.0 142.0
-445.0 150.0
-432.0 400.0
-421.0 560.0
-500.0 665.0
-744.0 648.0
-849.0 633.0
-1004.0 626.0
-1006.0 433.0
-976.0 181.0
-868.0 164.0
-709.0 145.0
-633.0 129.0
-403.0 150.0
-413.0 393.0
-568.0 401.0
-736.0 390.0
-898.0 391.0
-961.0 386.0
-970.0 167.0
-905.0 152.0
-771.0 145.0
-614.0 130.0
-591.0 -51.0
-606.0 -282.0
-654.0 -434.0
-748.0 -502.0
-928.0 -573.0
-969.0 -776.0
-962.0 -859.0
-896.0 -888.0
-730.0 -890.0
-643.0 -900.0
-479.0 -885.0
-381.0 -880.0
-266.0 -883.0
-134.0 -884.0
-42.0 -889.0
98.0 -883.0
113.0 -726.0
89.0 -517.0
133.0 -365.0
82.0 -166.0
-154.0 -167.0
-164.0 -266.0
-172.0 -454.0
-167.0 -559.0
-153.0 -463.0
-173.0 -300.0
-176.0 -191.0
3.0 -187.0
77.0 -201.0
118.0 -407.0
114.0 -571.0
120.0 -784.0
122.0 -871.0
-126.0 -886.0
-365.0 -878.0
-488.0 -866.0
-662.0 -870.0
-773.0 -874.0
-934.0 -892.0
-983.0 -659.0
-749.0 -549.0
-596.0 -505.0
-533.0 -297.0
-546.0 16.0
-555.0 105.0
-721.0 147.0
-873.0 145.0
-969.0 153.0
-981.0 298.0
-986.0 394.0
-992.0 619.0
-877.0 644.0
-719.0 634.0
-579.0 632.0
-468.0 619.0
-443.0 569.0
-432.0 409.0
-428.0 196.0
-496.0 98.0
-527.0 -148.0
-617.0 -344.0
-659.0 -444.0
-817.0 -562.0
-924.0 -677.0
-943.0 -829.0
-889.0 -911.0
-821.0 -904.0
-725.0 -882.0
-552.0 -904.0
-432.0 -881.0
-262.0 -881.0
-51.0 -880.0
116.0 -873.0
117.0 -586.0
92.0 -343.0
83.0 -226.0
-160.0 -163.0
-173.0 -308.0
-177.0 -442.0
-177.0 -590.0
-153.0 -420.0
-163.0 -238.0
-189.0 -49.0
-166.0 184.0
-35.0 189.0
142.0 175.0
282.0 179.0
484.0 170.0
487.0 55.0
470.0 -46.0
454.0 -213.0
463.0 -340.0
500.0 -177.0
475.0 -45.0
465.0 93.0
464.0 180.0
550.0 180.0
668.0 167.0
800.0 170.0
814.0 46.0
793.0 -158.0
825.0 -318.0
848.0 -523.0
771.0 -637.0
533.0 -649.0
417.0 -644.0
436.0 -799.0
431.0 -907.0
718.0 -919.0
873.0 -917.0
1038.0 -913.0
1162.0 -910.0
1272.0 -911.0
1401.0 -898.0
1511.0 -906.0
1619.0 -898.0
1775.0 -803.0
