-1697.0 858.0
-1546.0 929.0
-1322.0 913.0
-1256.0 883.0
-1247.0 637.0
-1229.0 480.0
-1242.0 256.0
-1247.0 42.0
-1209.0 -132.0
-995.0 -246.0
-930.0 -438.0
-742.0 -429.0
-580.0 -407.0
-560.0 -41.0
-580.0 130.0
-770.0 172.0
-960.0 173.0
-985.0 304.0
-989.0 420.0
-872.0 421.0
-721.0 383.0
-600.0 391.0
-445.0 396.0
-422.0 511.0
-429.0 676.0
-607.0 663.0
-747.0 668.0
-928.0 660.0
-974.0 502.0
-972.0 412.0
-967.0 291.0
-974.0 144.0
-762.0 136.0
-622.0 162.0
-519.0 148.0
-391.0 168.0
-421.0 295.0
-409.0 442.0
-492.0 418.0
-676.0 396.0
-843.0 412.0
-953.0 402.0
-960.0 282.0
-934.0 187.0
-705.0 157.0
-680.0 -4.0
-663.0 -142.0
-679.0 -358.0
-766.0 -484.0
-957.0 -590.0
-964.0 -843.0
-917.0 -898.0
-569.0 -887.0
-330.0 -879.0
-223.0 -881.0
13.0 -889.0
107.0 -791.0
112.0 -611.0
106.0 -386.0
71.0 -140.0
-85.0 -148.0
-135.0 -218.0
-135.0 -402.0
-147.0 -525.0
-202.0 -378.0
-193.0 -209.0
-163.0 -70.0
-170.0 162.0
-67.0 164.0
133.0 171.0
249.0 167.0
375.0 140.0
459.0 101.0
458.0 4.0
453.0 -135.0
453.0 -233.0
463.0 -332.0
507.0 -289.0
483.0 -100.0
487.0 91.0
483.0 148.0
356.0 187.0
252.0 164.0
159.0 183.0
137.0 307.0
86.0 453.0
-24.0 451.0
-152.0 464.0
-181.0 651.0
-180.0 928.0
-114.0 936.0
53.0 935.0
196.0 946.0
386.0 923.0
440.0 791.0
424.0 686.0
277.0 697.0
115.0 711.0
261.0 705.0
426.0 713.0
440.0 637.0
458.0 523.0
485.0 474.0
650.0 476.0
812.0 476.0
974.0 466.0
1160.0 459.0
1142.0 395.0
1164.0 261.0
1159.0 193.0
1185.0 88.0
1173.0 -53.0
1187.0 -205.0
1221.0 -244.0
1461.0 -257.0
1651.0 -252.0
1791.0 -264.0
1775.0 -447.0
1767.0 -522.0
1554.0 -497.0
1314.0 -502.0
1106.0 -506.0
948.0 -488.0
784.0 -601.0
651.0 -620.0
449.0 -619.0
416.0 -682.0
414.0 -926.0
574.0 -926.0
786.0 -908.0
972.0 -916.0
1141.0 -892.0
1292.0 -894.0
1466.0 -881.0
1589.0 -895.0
1764.0 -794.0
