-1625.0 876.0
-1737.0 876.0
-1525.0 879.0
-1504.0 803.0
-1493.0 690.0
-1496.0 578.0
-1506.0 505.0
-1618.0 496.0
-1749.0 511.0
-1850.0 492.0
-1672.0 458.0
-1493.0 440.0
-1480.0 358.0
-1486.0 263.0
-1499.0 182.0
-1707.0 189.0
-1833.0 201.0
-1757.0 149.0
-1540.0 151.0
-1469.0 159.0
-1494.0 487.0
-1483.0 661.0
-1493.0 829.0
-1428.0 916.0
-1349.0 927.0
-1226.0 923.0
-1240.0 840.0
-1251.0 636.0
-1250.0 480.0
-1241.0 394.0
-1228.0 299.0
-1242.0 205.0
-1240.0 92.0
-1235.0 -16.0
-1247.0 -148.0
-1216.0 -293.0
-1222.0 -412.0
-1389.0 -397.0
-1511.0 -353.0
-1515.0 -210.0
-1570.0 -79.0
-1774.0 -77.0
-1827.0 -149.0
-1820.0 -247.0
-1844.0 -395.0
-1859.0 -515.0
-1836.0 -615.0
-1858.0 -743.0
-1838.0 -844.0
-1807.0 -913.0
-1699.0 -924.0
-1555.0 -925.0
-1425.0 -928.0
-1353.0 -913.0
-1203.0 -929.0
-1205.0 -850.0
-1324.0 -839.0
-1440.0 -860.0
-1580.0 -856.0
-1725.0 -863.0
-1788.0 -783.0
-1777.0 -667.0
-1687.0 -672.0
-1530.0 -683.0
-1402.0 -657.0
-1267.0 -667.0
-1106.0 -682.0
-1000.0 -690.0
-926.0 -733.0
-949.0 -772.0
-949.0 -863.0
-949.0 -941.0
-839.0 -945.0
-728.0 -937.0
-646.0 -922.0
-517.0 -936.0
-389.0 -946.0
-300.0 -937.0
-148.0 -938.0
-31.0 -938.0
158.0 -931.0
182.0 -697.0
160.0 -444.0
139.0 -293.0
116.0 -107.0
-158.0 -89.0
-145.0 31.0
-110.0 180.0
-43.0 197.0
132.0 181.0
288.0 174.0
410.0 157.0
405.0 -13.0
415.0 -154.0
401.0 -292.0
447.0 -352.0
538.0 -282.0
494.0 -148.0
503.0 85.0
485.0 187.0
691.0 199.0
754.0 163.0
825.0 65.0
805.0 -89.0
815.0 -253.0
809.0 -412.0
828.0 -525.0
789.0 -610.0
618.0 -634.0
456.0 -615.0
398.0 -674.0
374.0 -830.0
433.0 -896.0
559.0 -939.0
705.0 -894.0
899.0 -899.0
1134.0 -899.0
1294.0 -890.0
1439.0 -892.0
1654.0 -885.0
1781.0 -801.0
