-1748.0 891.0
-1543.0 877.0
-1341.0 870.0
-1255.0 874.0
-1207.0 806.0
-1217.0 680.0
-1205.0 548.0
-1218.0 446.0
-1219.0 340.0
-1223.0 226.0
-1218.0 102.0
-1238.0 -26.0
-1231.0 -99.0
-1040.0 -186.0
-938.0 -224.0
-963.0 -366.0
-958.0 -549.0
-928.0 -685.0
-936.0 -806.0
-906.0 -914.0
-725.0 -889.0
-478.0 -917.0
-369.0 -898.0
-275.0 -900.0
-141.0 -869.0
-32.0 -879.0
125.0 -894.0
136.0 -687.0
126.0 -510.0
108.0 -380.0
88.0 -215.0
-112.0 -153.0
-167.0 -54.0
-207.0 59.0
-210.0 194.0
-139.0 206.0
25.0 193.0
116.0 185.0
211.0 190.0
336.0 191.0
473.0 185.0
573.0 182.0
650.0 185.0
740.0 180.0
828.0 177.0
836.0 147.0
833.0 74.0
823.0 -24.0
806.0 -200.0
809.0 -313.0
832.0 -395.0
820.0 -514.0
813.0 -605.0
660.0 -606.0
470.0 -601.0
399.0 -616.0
398.0 -674.0
399.0 -751.0
382.0 -846.0
425.0 -908.0
580.0 -920.0
739.0 -913.0
857.0 -917.0
990.0 -902.0
1090.0 -902.0
1181.0 -894.0
1306.0 -897.0
1422.0 -892.0
1547.0 -899.0
1628.0 -888.0
1770.0 -844.0
